m	inst	e_common	e_prod	e_idle	e_shutdown	e_total	Sec	limit	gap	bin
CP	Behnke1.dat	345	1492.4	0	0	1837.4	600.008	600	5552.152715868
MIP-2	Behnke1.dat	315	1480.8	0	0	1795.8	600.078	600	0.042986057	6304
MIP-2_rev	Behnke1.dat	315	1480.8	0	0	1795.8	104.562	600	0.00009864	2504
MIP-2_new	Behnke1.dat	315	1480.8	0	0	1795.8	600.109	600	0.022623657	1422
CP	Behnke2.dat	335	1426.9	2	0	1763.9	600.005	600	4933.081183781
MIP-2	Behnke2.dat	335	1426.9	2	0	1763.9	318.25	600	0.000099701	6552
MIP-2_rev	Behnke2.dat	335	1426.9	2	0	1763.9	167.266	600	0.00009965	2744
MIP-2_new	Behnke2.dat	335	1426.9	2	0	1763.9	180.75	600	0.000099296	1446
CP	Behnke3.dat	335	1424.9	0	0	1759.9	600.035	600	4944.257003513
MIP-2	Behnke3.dat	340	1409.9	0	0	1749.9	332.641	600	0.000097445	6676
MIP-2_rev	Behnke3.dat	340	1409.9	0	-1.199984467e-08	1749.899999988	55.343	600	0.000099414	2852
MIP-2_new	Behnke3.dat	340	1409.9	0	0	1749.9	309.172	600	0.000099974	1458
CP	Behnke4.dat	375	1593.4	0	10	1978.4	600.01	600	4398.332693164
MIP-2	Behnke4.dat	370	1591.4	0	0	1961.4	600.219	600	0.022573856	6552
MIP-2_rev	Behnke4.dat	345	1600.9	1	-1	1945.9	379.734	600	0.000099954	2744
MIP-2_new	Behnke4.dat	345	1598.4	7	0	1950.4	600.125	600	0.018944428	1446
CP	Behnke5.dat	360	1549.5	0	0	1909.5	600.025	600	5028.312909374
MIP-2	Behnke5.dat	345	1522.3	0	0	1867.3	600.281	600	0.042187772	6428
MIP-2_rev	Behnke5.dat	345	1520.7	0	0	1865.7	124.39	600	0.000097785	2612
MIP-2_new	Behnke5.dat	365	1507.6	0	0	1872.6	600.094	600	0.02401582	1434
CP	Behnke6.dat	535	2891.2	0	0	3426.2	600.301	600	2277.481816635
MIP-2	Behnke6.dat	545	2840.8	0	0	3385.8	600.391	600	0.087514529	27308
MIP-2_rev	Behnke6.dat	510	2849.3	2	0	3361.3	600.187	600	0.078224558	12764
MIP-2_new	Behnke6.dat	535	2846.6	0	0	3381.6	600.109	600	0.082875368	4824
CP	Behnke7.dat	485	3008.5	0	0	3493.5	600.011	600	2491.229855596
MIP-2	Behnke7.dat	535	2940.3	0	0	3475.3	602.735	600	0.063981151	26820
MIP-2_rev	Behnke7.dat	494.99999997	2959.6	0	0	3454.599999985	600.296	600	0.055043661	12268
MIP-2_new	Behnke7.dat	500	2955.2	0	0	3455.2	600.25	600	0.056697152	4800
CP	Behnke8.dat	530	2991.8	0	0	3521.8	600.086	600	2726.783406303
MIP-2	Behnke8.dat	534.999999975	2974.6	0	0	3509.599999975	604.391	600	0.093501476	25356
MIP-2_rev	Behnke8.dat	520	2942.4	12	0	3474.4	600.359	600	0.081215823	10748
MIP-2_new	Behnke8.dat	580	2941.3	0	0	3521.3	600.25	600	0.088950003	4728
CP	Behnke9.dat	485	2905.6	2	0	3392.6	600.041	600	2653.741260405
MIP-2	Behnke9.dat	515	2808.4	2	-1	3324.4	600.422	600	0.088237154	26576
MIP-2_rev	Behnke9.dat	485	2809.4	0	0	3294.4	600.297	600	0.077888373	11864
MIP-2_new	Behnke9.dat	530	2810	0	0	3340	600.203	600	0.087468541	4788
CP	Behnke10.dat	620	3387.5	0	0	4007.5	600.036	600	2321.556955715
MIP-2	Behnke10.dat	639.99999992	3102.8	2	-2	3742.799999609	603.281	600	0.097440419	24380
MIP-2_rev	Behnke10.dat	589.999999995	3115.7	0	0	3705.699999995	600.406	600	0.087505103	9988
MIP-2_new	Behnke10.dat	685	3099.6	0	0	3784.6	600.297	600	0.105372566	4680
CP	Behnke11.dat	1235	8086.4	0	150	9471.4	600.042	600	887.843127754
MIP-2	Behnke11.dat	5635	12883.8	4252	0	22770.8	601.687	600	0.667925589	158228
MIP-2_rev	Behnke11.dat	5939.99999999	10848.2	2507	0	19295.19999999	601.156	600	0.608109789	69244
MIP-2_new	Behnke11.dat	2554.999999995	10415.6	805	-156	13619.599999995	600.75	600	0.444800141	25434
CP	Behnke12.dat	1210	8202.1	0	230	9642.1	600.077	600	1121.049781784
MIP-2	Behnke12.dat	6065	13587.7	4210	0	23862.7	601.922	600	0.6933373	152792
MIP-2_rev	Behnke12.dat	2025	7165.6	463	0	9653.6	601.125	600	0.241961548	64312
MIP-2_new	Behnke12.dat	1914.99999999	7037.8	400	150	9502.79999999	600.672	600	0.22993223	25326
CP	Behnke13.dat	1095	7794.5	0	60	8949.5	600.008	600	872.519302779
MIP-2	Behnke13.dat	1700	7353.2	277	0	9330.2	600.375	600	0.200188635	156416
MIP-2_rev	Behnke13.dat	2145	7208	753	0	10106	600.672	600	0.261587176	67576
MIP-2_new	Behnke13.dat	2270	11066.3	788	-396	13728.3	600.344	600	0.456346457	25398
CP	Behnke14.dat	1185	8165.1	0	90	9440.1	600.075	600	1145.014046515
MIP-2	Behnke14.dat	6195	12848.2	7611	0	26654.2	600.969	600	0.712056636	144940
MIP-2_rev	Behnke14.dat	6200	13226.9	9996	0	29422.9	600.829	600	0.739152157	57580
MIP-2_new	Behnke14.dat	2150	10353.4	802.000000003	-421.000000005	12884.399999998	600.688	600	0.404310299	25170
CP	Behnke15.dat	1115	7711.8	22	260	9108.8	600.036	600	956.083875007
MIP-2	Behnke15.dat	7075	12047	1872	0	20994	600.984	600	0.643864914	150980
MIP-2_rev	Behnke15.dat	6264.99999981	10966.3	945	20	18196.29999981	600.735	600	0.589108775	62684
MIP-2_new	Behnke15.dat	3004.99999998	7576.3	888.999999996	-467.999999992	11002.299999984	600.375	600	0.320394157	25290
CP	Behnke16.dat	2465	19216.8	1	990	22672.8	600.082	600	397.934211924
MIP-2	Behnke16.dat	13670	26732.4	17318	0	57720.4	602.234	600	1	610408
MIP-2_rev	Behnke16.dat	13670	26717.3	15650	0	56037.3	600.875	600	0.72857097	259560
MIP-2_new	Behnke16.dat	nfs	nfs	nfs	nfs	nfs	600.938	600	nfs	95724
CP	Behnke17.dat	2500	19565	0	670	22735	600.172	600	462.826918851
MIP-2	Behnke17.dat	12250	25528.1	13065	0	50843.1	602.344	600	1	601980
MIP-2_rev	Behnke17.dat	12250	25388.9	11431	0	49069.9	601.25	600	0.690427329	252348
MIP-2_new	Behnke17.dat	nfs	nfs	nfs	nfs	nfs	601.031	600	nfs	95640
CP	Behnke18.dat	2650	21045.3	0	1040	24735.3	600.202	600	401.221990459
MIP-2	Behnke18.dat	12110	25744.5	18814	0	56668.5	601.656	600	1	608000
MIP-2_rev	Behnke18.dat	14470	25321	13676	0	53467	601.375	600	0.718645146	257856
MIP-2_new	Behnke18.dat	nfs	nfs	nfs	nfs	nfs	601.094	600	nfs	95700
CP	Behnke19.dat	2475	19468.9	0	730	22673.9	600.041	600	371.4541786
MIP-2	Behnke19.dat	12695	25505.2	17584	0	55784.2	602.187	600	1	630876
MIP-2_rev	Behnke19.dat	12995	24973.9	15960	0	53928.9	600.5	600	0.725807498	278252
MIP-2_new	Behnke19.dat	nfs	nfs	nfs	nfs	nfs	601.593	600	nfs	95928
CP	Behnke20.dat	2720	19059.1	18	850	22647.1	600.016	600	451.37258635
MIP-2	Behnke20.dat	13065	26265.1	21917	0	61247.1	602.047	600	1	617632
MIP-2_rev	Behnke20.dat	13065	26265.1	21917	0	61247.1	600.89	600	0.751495173	266024
MIP-2_new	Behnke20.dat	nfs	nfs	nfs	nfs	nfs	601.453	600	nfs	95796
CP	Behnke21.dat	320	1349.5	0	0	1669.5	600.056	600	11321.494758958
MIP-2	Behnke21.dat	295	1359.4	0	0	1654.4	286.891	600	0.000080593	16204
MIP-2_rev	Behnke21.dat	295	1359.4	0	0	1654.4	123.578	600	0.000099782	7572
MIP-2_new	Behnke21.dat	300	1355.9	0	0	1655.9	600.25	600	0.009884549	2322
CP	Behnke22.dat	345	1362.5	0	0	1707.5	600.13	600	11596.658565875
MIP-2	Behnke22.dat	330	1372.7	0	0	1702.7	603.5	600	0.039556326	14220
MIP-2_rev	Behnke22.dat	325	1373.8	0	0	1698.8	168.468	600	0.000079064	5796
MIP-2_new	Behnke22.dat	325	1373.8	0	0	1698.8	600.188	600	0.035067199	2130
CP	Behnke23.dat	305	1311.8	0	0	1616.8	600.038	600	12061.604280589
MIP-2	Behnke23.dat	305	1311.8	0	0	1616.8	212.094	600	0.000083093	16328
MIP-2_rev	Behnke23.dat	305	1311.8	0	0	1616.8	67.125	600	1.344577587e-06	7704
MIP-2_new	Behnke23.dat	305	1311.8	0	0	1616.8	513.078	600	0.000097353	2334
CP	Behnke24.dat	310	1437	0	0	1747	600.04	600	11506.188323284
MIP-2	Behnke24.dat	310	1429.9	0	0	1739.9	159.359	600	0.000058948	11616
MIP-2_rev	Behnke24.dat	310	1429.9	0	0	1739.9	42.032	600	0.000090841	3952
MIP-2_new	Behnke24.dat	310	1429.9	0	0	1739.9	124.938	600	0.00009535	1878
CP	Behnke25.dat	335	1363.8	0	0	1698.8	600.018	600	11656.016482505
MIP-2	Behnke25.dat	300	1368.8	0	0	1668.8	79.641	600	0.000045824	11740
MIP-2_rev	Behnke25.dat	300	1368.8	1	-1	1668.8	38.234	600	0.00001189	4028
MIP-2_new	Behnke25.dat	300	1368.8	0	0	1668.8	56.375	600	0.000062837	1890
CP	Behnke26.dat	525	2774.2	2	10	3311.2	600.042	600	6977.177518918
MIP-2	Behnke26.dat	465	2695.8	4	0	3164.8	600.688	600	0.069507249	51444
MIP-2_rev	Behnke26.dat	470	2695.8	0	0	3165.8	600.828	600	0.065921714	19764
MIP-2_new	Behnke26.dat	470	2705.6	0	0	3175.6	600.734	600	0.069358538	5952
CP	Behnke27.dat	555	2897	0	0	3452	600.296	600	6518.825898191
MIP-2	Behnke27.dat	540	2806.8	12	0	3358.8	600.61	600	0.088456335	45832
MIP-2_rev	Behnke27.dat	520	2825.2	0	0	3345.2	602.359	600	0.082068921	15568
MIP-2_new	Behnke27.dat	550	2804.8	2	0	3356.8	600.375	600	0.086473401	5676
CP	Behnke28.dat	535	2825.2	0	0	3360.2	600.066	600	6339.772097205
MIP-2	Behnke28.dat	530	2694.7	1	-1	3224.7	601.266	600	0.101466803	55104
MIP-2_rev	Behnke28.dat	485	2678.3	0	0	3163.3	600.672	600	0.081507036	22864
MIP-2_new	Behnke28.dat	504.999999995	2714.3	0	0	3219.299999995	600.422	600	0.099601119	6132
CP	Behnke29.dat	535	2840.5	0	20	3395.5	600.031	600	6273.876454276
MIP-2	Behnke29.dat	460	2550.7	0	0	3010.7	600.656	600	0.078818879	57544
MIP-2_rev	Behnke29.dat	455	2546.5	0	0	3001.5	600.375	600	0.062867829	24904
MIP-2_new	Behnke29.dat	460	2547.9	0	0	3007.9	600.265	600	0.077220992	6252
CP	Behnke30.dat	545	2954.5	0	0	3499.5	600.046	600	6773.258322905
MIP-2	Behnke30.dat	520	2720	0	0	3240	600.484	600	0.088396815	51688
MIP-2_rev	Behnke30.dat	475	2737.6	0	0	3212.6	600.343	600	0.07600423	19840
MIP-2_new	Behnke30.dat	500	2724.6	0	0	3224.6	600.282	600	0.081767652	5964
CP	Behnke31.dat	1465	10113.8	0	130	11708.8	600.021	600	1691.998394405
MIP-2	Behnke31.dat	2090	7135.9	881	0	10106.9	601.094	600	0.279363603	326724
