m	inst	e_common	e_prod	e_idle	e_shutdown	e_total	Sec	limit	gap	bin
CP	sfjs01	330	485.2	0	0	815.2	54.649	600	0.0001
MIP-2	sfjs01	330	485.2	0	0	815.2	0.015	600	0	48
MIP-2_rev	sfjs01	330	485.2	0	0	815.2	0.016	600	0	48
MIP-2_new	sfjs01	330	485.2	0	0	815.2	0.015	600	0	36
CP	sfjs02	535	827.2	0	0	1362.2	65.425	600	0.0001
MIP-2	sfjs02	535	827.2	0	0	1362.2	0.015	600	0	38
MIP-2_rev	sfjs02	535	827.2	0	0	1362.2	0.016	600	0	30
MIP-2_new	sfjs02	535	827.2	0	0	1362.2	0	600	0	30
CP	sfjs03	1105	1701.2	0	0	2806.2	507.307	600	0.0001
MIP-2	sfjs03	1105	1701.2	0	0	2806.2	0.015	600	0	82
MIP-2_rev	sfjs03	1105	1701.2	0	0	2806.2	0.016	600	0	70
MIP-2_new	sfjs03	1105	1701.2	0	0	2806.2	0.016	600	0	60
CP	sfjs04	1775	2785.3	0	0	4560.3	600.095	600	15.836962482
MIP-2	sfjs04	1775	2785.3	0	0	4560.3	0.031	600	0	82
MIP-2_rev	sfjs04	1775	2785.3	0	0	4560.3	0.015	600	0	72
MIP-2_new	sfjs04	1775	2785.3	0	0	4560.3	0.016	600	0	60
CP	sfjs05	595	810.4	0	0	1405.4	547.675	600	0.0001
MIP-2	sfjs05	595	810.4	0	0	1405.4	0.031	600	0	96
MIP-2_rev	sfjs05	595	810.4	0	0	1405.4	0.031	600	0	96
MIP-2_new	sfjs05	595	810.4	0	0	1405.4	0.015	600	0	66
CP	sfjs06	1750	2554.6	0	0	4304.6	600.136	600	35.371695396
MIP-2	sfjs06	1750	2554.6	0	0	4304.6	0.078	600	0	177
MIP-2_rev	sfjs06	1750	2554.6	0	0	4304.6	0.047	600	0	107
MIP-2_new	sfjs06	1750	2554.6	0	0	4304.6	0.031	600	0	117
CP	sfjs07	2035	3221	0	0	5256	600.011	600	46.279870626
MIP-2	sfjs07	2035	3221	0	0	5256	0.063	600	0	225
MIP-2_rev	sfjs07	2035	3221	1	-1	5256	0.016	600	0	102
MIP-2_new	sfjs07	2035	3221	0	0	5256	0	600	0	126
CP	sfjs08	1280	2149.7	0	0	3429.7	600.014	600	53.162579818
MIP-2	sfjs08	1280	2149.7	0	0	3429.7	0.266	600	0.000028255	216
MIP-2_rev	sfjs08	1280	2149.7	1	-1	3429.7	0.125	600	0	120
MIP-2_new	sfjs08	1280	2149.7	0	0	3429.7	0.047	600	0	126
CP	sfjs09	1100	1748	0	0	2848	600.193	600	53.294592701
MIP-2	sfjs09	1100	1748	0	0	2848	0.141	600	0	207
MIP-2_rev	sfjs09	1100	1748	0	0	2848	0.141	600	0.000067901	150
MIP-2_new	sfjs09	1100	1748	0	0	2848	0.078	600	0	126
CP	sfjs10	2580	6267	0	30	8877	600.021	600	27.544519546
MIP-2	sfjs10	2580	6267	0	30	8877	0.11	600	0	320
MIP-2_rev	sfjs10	2580	6267	0	30	8877	0.016	600	0	120
MIP-2_new	sfjs10	2580	6267	23	7	8877	0.031	600	0	192
CP	mfjs01	2475	6905.7	0	0	9380.7	600.022	600	35.875457057
MIP-2	mfjs01	2475	6905.7	0	0	9380.7	2.891	600	0.000074576	618
MIP-2_rev	mfjs01	2475	6905.7	0	0	9380.7	0.781	600	0.000063961	251
MIP-2_new	mfjs01	2475	6905.7	0	0	9380.7	1.579	600	0.000098828	309
CP	mfjs02	2345	6267	0	30	8642	600.002	600	42.423744507
MIP-2	mfjs02	2345	6267	0	30	8642	2.844	600	0.00003761	729
MIP-2_rev	mfjs02	2345	6267	0	30	8642	1.14	600	0.000088126	309
MIP-2_new	mfjs02	2345	6267	38	-8	8642	1.938	600	0.000076366	327
CP	mfjs03	2400	8399.4	0	0	10799.4	600.016	600	34.148508253
MIP-2	mfjs03	2770	7947.8	0	40	10757.8	35.328	600	0.000097533	1038
MIP-2_rev	mfjs03	2770	7947.8	0	40	10757.8	4.734	600	0.000077886	448
MIP-2_new	mfjs03	2770	7947.8	135	-95	10757.8	10.766	600	0.000097805	450
CP	mfjs04	2770	10265.9	0	40	13075.9	600.014	600	28.339150653
MIP-2	mfjs04	2905	10103.6	0	30	13038.6	117.485	600	0.000099704	1379
MIP-2_rev	mfjs04	2905	10103.6	0	30	13038.6	27.328	600	0.000093635	578
MIP-2_new	mfjs04	2905	10103.6	39	-9	13038.6	82.266	600	0.000099896	588
CP	mfjs05	3260	9484.4	0	0	12744.4	600.017	600	29.082451901
MIP-2	mfjs05	2945	9655.1	0	0	12600.1	93.25	600	0.000095007	1357
MIP-2_rev	mfjs05	2945	9655.1	0	0	12600.1	23.734	600	0.000094971	565
MIP-2_new	mfjs05	2944.999997475	9655.1	-5.030290140e-07	5.000459447e-07	12600.099997458	426.828	600	0.000099969	585
CP	mfjs06	3450	11709.7	0	10	15169.7	600.011	600	24.526767175
MIP-2	mfjs06	3370	11590.1	0	0	14960.1	49.609	600	0.000096167	1718
MIP-2_rev	mfjs06	3370	11590.1	0	0	14960.1	16.687	600	0.000094853	704
MIP-2_new	mfjs06	3370	11590.1	0	0	14960.1	51.969	600	0.000099852	738
CP	mfjs07	5145	15697.1	0	0	20842.1	600.004	600	18.087721487
MIP-2	mfjs07	5590	15470.3	28	10	21098.3	607.516	600	0.05931595	2798
MIP-2_rev	mfjs07	5500	15470.3	0	20	20990.3	600.203	600	0.051211014	1094
MIP-2_new	mfjs07	5875	15264.6	339	-299	21179.6	600.25	600	0.08921983	1226
CP	mfjs08	5355	18940	0	0	24295	600.031	600	18.128544969
MIP-2	mfjs08	6075	18173.6	1	40	24289.6	601.75	600	0.09231523	3470
MIP-2_rev	mfjs08	5674.999999955	18314	0	10	23998.999999959	600.297	600	0.076486227	1180
MIP-2_new	mfjs08	5575	18318.4	554	-454	23993.4	600.328	600	0.085015955	1518
CP	mfjs09	5905	25084.4	0	10	30999.4	600.058	600	14.424066272
MIP-2	mfjs09	8080	23306.7	0	0	31386.7	601.125	600	0.137100959	4987
MIP-2_rev	mfjs09	7420	23452.5	0	10	30882.5	600.453	600	0.123061693	1669
MIP-2_new	mfjs09	7460	23356.4	36	-6	30846.4	600.109	600	0.119757897	2201
CP	mfjs10	6640	28306.8	0	0	34946.8	600.033	600	12.882003503
MIP-2	mfjs10	9390	27362.5	42	0	36794.5	600.438	600	0.144448219	5872
MIP-2_rev	mfjs10	7975	27183.6	0	10	35168.6	601.61	600	0.104165359	1982
MIP-2_new	mfjs10	9840	27286.6	953	-943	37136.6	600.813	600	0.152329508	2592
