m	inst	e_common	e_prod	e_idle	e_shutdown	e_total	Sec	limit	gap	bin
CP2	Kacem1.dat	85	322.5	0	0	407.5	10.022	10	0.086416018
MIP-2_rev	Kacem1.dat	105	329	10	-1	443	10.063	10	0.161173815	4243
CP2	Kacem1.dat	80	311.4	10	0	401.4	30.016	30	0.07233601
MIP-2_rev	Kacem1.dat	85	311.6	12	0	408.6	30.015	30	0.090553108	4243
CP2	Kacem1.dat	75	311.4	7	0	393.4	60.081	60	0.053471466
MIP-2_rev	Kacem1.dat	75	311.4	7	0	393.4	60.047	60	0.020335536	4243
CP2	Kacem1.dat	75	311.4	7	0	393.4	90.073	90	0.053471466
MIP-2_rev	Kacem1.dat	75	311.4	7	0	393.4	90.062	90	0.006846897	4243
CP2	Kacem1.dat	75	311.4	7	0	393.4	120.057	120	0.053471466
MIP-2_rev	Kacem1.dat	75	311.4	7	0	393.4	101.141	120	0.000099139	4243
CP2	Kacem1.dat	75	311.4	7	0	393.4	150.066	150	0.053471466
MIP-2_rev	Kacem1.dat	75	311.4	7	0	393.4	98.047	150	0.000099139	4243
CP2	Kacem1.dat	75	311.4	7	0	393.4	180.055	180	0.053471466
MIP-2_rev	Kacem1.dat	75	311.4	7	0	393.4	98.907	180	0.000099139	4243
CP2	Kacem1.dat	75	311.4	7	0	393.4	300.08	300	0.053471466
MIP-2_rev	Kacem1.dat	75	311.4	7	0	393.4	88.687	300	0.000099139	4243
CP2	Kacem1.dat	75	311.4	7	0	393.4	600.012	600	0.053471466
MIP-2_rev	Kacem1.dat	75	311.4	7	0	393.4	88.297	600	0.000099139	4243
CP2	Kacem2.dat	35	165.8	5	0	205.8	10.048	10	0.040340015
MIP-2_rev	Kacem2.dat	70	162.6	6	0	238.6	10.063	10	0.17225482	9600
CP2	Kacem2.dat	35	166.2	1	0	202.2	30.016	30	0.02325408
MIP-2_rev	Kacem2.dat	54.99999995	162.8	5	-2.000000002	220.799999948	30.079	30	0.105525362	9600
CP2	Kacem2.dat	35	165.8	0	0	200.8	60.063	60	0.016444099
MIP-2_rev	Kacem2.dat	50	162.5	4	-1	215.5	60.062	60	0.083524696	9600
CP2	Kacem2.dat	35	165.8	0	0	200.8	90.06	90	0.016444099
MIP-2_rev	Kacem2.dat	45	163	3	-1	210	90.078	90	0.054870748	9600
CP2	Kacem2.dat	35	165.8	0	0	200.8	120.03	120	0.016444099
MIP-2_rev	Kacem2.dat	35	166.5	1	-1	201.5	120.078	120	0.005436596	9600
CP2	Kacem2.dat	35	165.8	0	0	200.8	150.064	150	0.016444099
MIP-2_rev	Kacem2.dat	35	165.8	0	0	200.8	143.671	150	0	9600
CP2	Kacem2.dat	35	165.8	0	0	200.8	180.044	180	0.016444099
MIP-2_rev	Kacem2.dat	35	165.8	0	0	200.8	155.875	180	0	9600
CP2	Kacem2.dat	35	165.8	0	0	200.8	300.111	300	0.016444099
MIP-2_rev	Kacem2.dat	35	165.8	0	0	200.8	159.719	300	0	9600
CP2	Kacem2.dat	35	165.8	0	0	200.8	600.091	600	0.016444099
MIP-2_rev	Kacem2.dat	35	165.8	0	0	200.8	159.172	600	0	9600
CP2	Kacem3.dat	90	404.2	26	0	520.2	10.087	10	0.210311626
MIP-2_rev	Kacem3.dat	700	822.2	387	0	1909.2	10.141	10	0.784831343	32480
CP2	Kacem3.dat	75	360.8	0	0	435.8	30.078	30	0.05737519
MIP-2_rev	Kacem3.dat	700	821.1	387	0	1908.1	30.094	30	0.7847073	32480
CP2	Kacem3.dat	75	360.8	0	0	435.8	60.186	60	0.05737519
MIP-2_rev	Kacem3.dat	700	821.1	387	0	1908.1	60.094	60	0.7847073	32480
CP2	Kacem3.dat	75	360.8	0	0	435.8	90.246	90	0.05737519
MIP-2_rev	Kacem3.dat	700	821.1	387	0	1908.1	90.187	90	0.7847073	32480
CP2	Kacem3.dat	75	360.8	0	0	435.8	120.198	120	0.05737519
MIP-2_rev	Kacem3.dat	700	821.1	387	0	1908.1	120.203	120	0.7847073	32480
CP2	Kacem3.dat	75	360.8	0	0	435.8	150.094	150	0.05737519
MIP-2_rev	Kacem3.dat	700	821.1	387	0	1908.1	150.25	150	0.7847073	32480
CP2	Kacem3.dat	75	360.8	0	0	435.8	180.1	180	0.05737519
MIP-2_rev	Kacem3.dat	700	821.1	387	0	1908.1	180.188	180	0.7847073	32480
CP2	Kacem3.dat	75	360.8	0	0	435.8	300.101	300	0.05737519
MIP-2_rev	Kacem3.dat	700	821.1	387	0	1908.1	300.203	300	0.7847073	32480
CP2	Kacem3.dat	75	360.8	0	0	435.8	600.102	600	0.05737519
